torch.max(torch.tensor(test_gt))
tensor(9989, dtype=torch.int16)
torch.min(torch.tensor(test_gt))
tensor(713, dtype=torch.int16)
torch.min(torch.tensor(test_rawdepth))
tensor(0, dtype=torch.int16)
torch.max(torch.tensor(test_rawdepth))
tensor(10000, dtype=torch.int16)
test_gt
array([[[2752, 2752, 2752, ..., 2242, 2242, 2242],
        [2751, 2752, 2752, ..., 2242, 2242, 2242],
        [2751, 2751, 2752, ..., 2242, 2242, 2242],
        ...,
        [2198, 2198, 2197, ..., 2081, 2081, 2080],
        [2197, 2197, 2197, ..., 2081, 2081, 2081],
        [2197, 2197, 2197, ..., 2081, 2081, 2081]],

       [[3294, 3294, 3294, ..., 1616, 1616, 1616],
        [3294, 3294, 3294, ..., 1616, 1616, 1616],
        [3295, 3294, 3294, ..., 1616, 1615, 1615],
        ...,
        [3128, 3128, 3127, ..., 1552, 1552, 1552],
        [3127, 3127, 3127, ..., 1552, 1552, 1552],
        [3127, 3127, 3127, ..., 1552, 1552, 1552]],

       [[2872, 2872, 2871, ..., 1415, 1415, 1415],
        [2872, 2872, 2871, ..., 1415, 1415, 1415],
        [2873, 2873, 2872, ..., 1415, 1414, 1414],
        ...,
        [1932, 1932, 1933, ..., 1398, 1397, 1397],
        [1932, 1933, 1933, ..., 1398, 1398, 1398],
        [1933, 1933, 1933, ..., 1399, 1398, 1398]],

       ...,

       [[2162, 2163, 2164, ..., 5264, 5264, 5263],
        [2162, 2162, 2164, ..., 5264, 5263, 5263],
        [2161, 2161, 2162, ..., 5263, 5263, 5263],
        ...,
        [1847, 1847, 1847, ..., 2936, 2937, 2938],
        [1847, 1847, 1848, ..., 2934, 2936, 2937],
        [1847, 1847, 1848, ..., 2934, 2935, 2936]],

       [[3925, 3925, 3925, ..., 2165, 2165, 2165],
        [3925, 3925, 3925, ..., 2165, 2165, 2165],
        [3926, 3926, 3925, ..., 2165, 2165, 2165],
        ...,
        [1087, 1086, 1086, ..., 2144, 2144, 2144],
        [1086, 1086, 1085, ..., 2144, 2144, 2144],
        [1086, 1086, 1085, ..., 2144, 2144, 2144]],

       [[3375, 3375, 3375, ..., 3361, 3360, 3360],
        [3374, 3375, 3375, ..., 3361, 3360, 3360],
        [3374, 3374, 3375, ..., 3360, 3359, 3359],
        ...,
        [2388, 2387, 2386, ..., 1029, 1029, 1029],
        [2387, 2386, 2386, ..., 1029, 1029, 1029],
        [2386, 2386, 2385, ..., 1029, 1029, 1029]]], dtype=int16)
test_rawdepth
array([[[0, 0, 0, ..., 0, 0, 0],
        [0, 0, 0, ..., 0, 0, 0],
        [0, 0, 0, ..., 0, 0, 0],
        ...,
        [0, 0, 0, ..., 0, 0, 0],
        [0, 0, 0, ..., 0, 0, 0],
        [0, 0, 0, ..., 0, 0, 0]],

       [[0, 0, 0, ..., 0, 0, 0],
        [0, 0, 0, ..., 0, 0, 0],
        [0, 0, 0, ..., 0, 0, 0],
        ...,
        [0, 0, 0, ..., 0, 0, 0],
        [0, 0, 0, ..., 0, 0, 0],
        [0, 0, 0, ..., 0, 0, 0]],

       [[0, 0, 0, ..., 0, 0, 0],
        [0, 0, 0, ..., 0, 0, 0],
        [0, 0, 0, ..., 0, 0, 0],
        ...,
        [0, 0, 0, ..., 0, 0, 0],
        [0, 0, 0, ..., 0, 0, 0],
        [0, 0, 0, ..., 0, 0, 0]],

       ...,

       [[0, 0, 0, ..., 0, 0, 0],
        [0, 0, 0, ..., 0, 0, 0],
        [0, 0, 0, ..., 0, 0, 0],
        ...,
        [0, 0, 0, ..., 0, 0, 0],
        [0, 0, 0, ..., 0, 0, 0],
        [0, 0, 0, ..., 0, 0, 0]],

       [[0, 0, 0, ..., 0, 0, 0],
        [0, 0, 0, ..., 0, 0, 0],
        [0, 0, 0, ..., 0, 0, 0],
        ...,
        [0, 0, 0, ..., 0, 0, 0],
        [0, 0, 0, ..., 0, 0, 0],
        [0, 0, 0, ..., 0, 0, 0]],

       [[0, 0, 0, ..., 0, 0, 0],
        [0, 0, 0, ..., 0, 0, 0],
        [0, 0, 0, ..., 0, 0, 0],
        ...,
        [0, 0, 0, ..., 0, 0, 0],
        [0, 0, 0, ..., 0, 0, 0],
        [0, 0, 0, ..., 0, 0, 0]]], dtype=int16)
